           0    0  0.500000000      0.87536987078689155       0.77538349262889350       0.67874734775284318        1.7544803400895981E-002
           1    0   1.50000000      0.90602880436520472       0.95815032032319836       0.86811178912456533        1.0990785619855763E-002
           2    1   2.50000000      0.61272202429591827       0.94541201597929125       0.57927476422451640       0.17684878346534910     
           3    1   3.50000000      0.33687964514405333       0.92865684372987278       0.31284558797631612       0.41888830242929376     
           4    1   4.50000000      0.15930655986594067       0.90602880436520472       0.14433633196287213       0.63187371265914472     
           5    1   5.50000000       6.7329974591039843E-002  0.87536987078689155        5.8938631157843237E-002  0.76028244459854788     
           6    1   6.50000000       2.6086642543105221E-002  0.83318698855565865        2.1735051142017767E-002  0.79476395202850636     
           7    1   7.50000000       9.4214626705793059E-003  0.77439560486017123        7.2959392834507858E-003  0.75195215596110632     
           8    1   8.50000000       3.2075666544383319E-003  0.68790252818277298        2.2064932109028875E-003  0.64691339603649123     
           9    1   9.50000000       1.0462362483711907E-003  0.55373865219519991        5.7934145005082553E-004  0.48536150342186912     
          10    1
