           4           1  0.879593253    
           4           2  0.815856636    
           4           3  0.753712475    
           4           4  0.709490061    
           4           5  0.655523896    
           4           6  0.621332169    
           4           7  0.603022933    
           4           8  0.582376003    
           4           9  0.561310649    
           4          10  0.526908278    
          14           1  0.688890457    
          14           2  0.626327336    
          14           3  0.539991498    
          14           4  0.495901287    
          14           5  0.448543936    
          14           6  0.413843274    
          14           7  0.383573651    
          14           8  0.366326839    
          14           9  0.331346214    
          14          10  0.330537081    
          24           1  0.643386722    
          24           2  0.569785714    
          24           3  0.496670097    
          24           4  0.448207289    
          24           5  0.396995008    
          24           6  0.374702752    
          24           7  0.339500517    
          24           8  0.318701684    
          24           9  0.306623995    
          24          10  0.288028151    
          34           1  0.624652624    
          34           2  0.553297281    
          34           3  0.476024747    
          34           4  0.424331248    
          34           5  0.378157914    
          34           6  0.353410721    
          34           7  0.321619153    
          34           8  0.298314691    
          34           9  0.280480981    
          34          10  0.270455956    
          44           1  0.606661260    
          44           2  0.534108639    
          44           3  0.453659385    
          44           4  0.399747133    
          44           5  0.359488040    
          44           6  0.335828662    
          44           7  0.304665416    
          44           8  0.284411550    
          44           9  0.268138260    
          44          10  0.254245996    
          54           1  0.593170941    
          54           2  0.518992484    
          54           3  0.447218180    
          54           4  0.392037332    
          54           5  0.357411414    
          54           6  0.327293515    
          54           7  0.292816103    
          54           8  0.278574318    
          54           9  0.260391057    
          54          10  0.238276631    
          64           1  0.582207739    
          64           2  0.514144063    
          64           3  0.438859075    
          64           4  0.384847581    
          64           5  0.348339498    
          64           6  0.312609434    
          64           7  0.291356951    
          64           8  0.266680181    
          64           9  0.251621425    
          64          10  0.237342313    
          74           1  0.576043248    
          74           2  0.504815757    
          74           3  0.432260275    
          74           4  0.373774111    
          74           5  0.337976038    
          74           6  0.312154531    
          74           7  0.278746188    
          74           8  0.259635776    
          74           9  0.249362588    
          74          10  0.231360182    
          84           1  0.573012292    
          84           2  0.503641009    
          84           3  0.427058101    
          84           4  0.376092970    
          84           5  0.334538430    
          84           6  0.300805598    
          84           7  0.280255437    
          84           8  0.256148875    
          84           9  0.240527749    
          84          10  0.227644458    
          94           1  0.568232894    
          94           2  0.497575194    
          94           3  0.425489306    
          94           4  0.369970858    
          94           5  0.330187052    
          94           6  0.297230780    
          94           7  0.270738453    
          94           8  0.252221107    
          94           9  0.238129795    
          94          10  0.221530139    
         104           1  0.565071940    
         104           2  0.493649185    
         104           3  0.417040467    
         104           4  0.365721315    
         104           5  0.329938948    
         104           6  0.295272648    
         104           7  0.267868251    
         104           8  0.249032557    
         104           9  0.227484345    
         104          10  0.217927426    
         114           1  0.564577639    
         114           2  0.491355538    
         114           3  0.414227307    
         114           4  0.360841304    
         114           5  0.326904625    
         114           6  0.290365040    
         114           7  0.263341784    
         114           8  0.248220921    
         114           9  0.231197000    
         114          10  0.217738420    
         124           1  0.562177062    
         124           2  0.486474037    
         124           3  0.412764877    
         124           4  0.359031558    
         124           5  0.321760714    
         124           6  0.286979258    
         124           7  0.267221957    
         124           8  0.246767417    
         124           9  0.229532138    
         124          10  0.213913709    
         134           1  0.555850863    
         134           2  0.482966900    
         134           3  0.408690691    
         134           4  0.357821137    
         134           5  0.315583229    
         134           6  0.286305875    
         134           7  0.259795874    
         134           8  0.240825623    
         134           9  0.225320384    
         134          10  0.211461857    
         144           1  0.554824650    
         144           2  0.481815577    
         144           3  0.406685919    
         144           4  0.352385134    
         144           5  0.313119262    
         144           6  0.285313457    
         144           7  0.258806169    
         144           8  0.238117874    
         144           9  0.223036125    
         144          10  0.209621221    
         154           1  0.554966867    
         154           2  0.479003161    
         154           3  0.405609161    
         154           4  0.352533221    
         154           5  0.309232563    
         154           6  0.283199608    
         154           7  0.257277608    
         154           8  0.240269378    
         154           9  0.220110178    
         154          10  0.208134606    
         164           1  0.554982901    
         164           2  0.477605760    
         164           3  0.403782845    
         164           4  0.347031891    
         164           5  0.312038451    
         164           6  0.279944479    
         164           7  0.255588263    
         164           8  0.234604418    
         164           9  0.218371287    
         164          10  0.206596285    
         174           1  0.549037457    
         174           2  0.478921980    
         174           3  0.402683496    
         174           4  0.347182184    
         174           5  0.310001045    
         174           6  0.279776067    
         174           7  0.253647268    
         174           8  0.235384449    
         174           9  0.220552489    
         174          10  0.205413699    
         184           1  0.552528381    
         184           2  0.473644435    
         184           3  0.398550242    
         184           4  0.346763819    
         184           5  0.305292338    
         184           6  0.278595716    
         184           7  0.252508640    
         184           8  0.232736215    
         184           9  0.217801988    
         184          10  0.203443855    
         194           1  0.548529208    
         194           2  0.474262059    
         194           3  0.401049107    
         194           4  0.348038435    
         194           5  0.306194663    
         194           6  0.276118368    
         194           7  0.253492892    
         194           8  0.233711407    
         194           9  0.215033144    
         194          10  0.202865481    
         204           1  0.550060987    
         204           2  0.473510057    
         204           3  0.395603478    
         204           4  0.341339022    
         204           5  0.304125488    
         204           6  0.274856687    
         204           7  0.251358628    
         204           8  0.230526224    
         204           9  0.214428157    
         204          10  0.203708678    
         214           1  0.549309969    
         214           2  0.472551435    
         214           3  0.396316916    
         214           4  0.342315614    
         214           5  0.304221213    
         214           6  0.274210423    
         214           7  0.247926161    
         214           8  0.229782686    
         214           9  0.215095803    
         214          10  0.201863781    
         224           1  0.545531631    
         224           2  0.468787640    
         224           3  0.393277287    
         224           4  0.341259420    
         224           5  0.301156938    
         224           6  0.271094382    
         224           7  0.246956378    
         224           8  0.229993939    
         224           9  0.212300405    
         224          10  0.202091530    
         234           1  0.545496404    
         234           2  0.465252042    
         234           3  0.394833267    
         234           4  0.340141952    
         234           5  0.302295566    
         234           6  0.271891326    
         234           7  0.246166334    
         234           8  0.228186637    
         234           9  0.215436593    
         234          10  0.198835015    
         244           1  0.545252800    
         244           2  0.465767622    
         244           3  0.391935110    
         244           4  0.340158910    
         244           5  0.299347520    
         244           6  0.270641029    
         244           7  0.248336136    
         244           8  0.226644740    
         244           9  0.212027118    
         244          10  0.196886599    
         254           1  0.541791558    
         254           2  0.466426343    
         254           3  0.391747952    
         254           4  0.337841749    
         254           5  0.299460888    
         254           6  0.269704282    
         254           7  0.244349360    
         254           8  0.228376314    
         254           9  0.209767908    
         254          10  0.196459949    
         264           1  0.542606771    
         264           2  0.464411557    
         264           3  0.389867514    
         264           4  0.336172134    
         264           5  0.300381690    
         264           6  0.270200819    
         264           7  0.244116306    
         264           8  0.225757524    
         264           9  0.208668351    
         264          10  0.195629239    
         274           1  0.543699920    
         274           2  0.465803444    
         274           3  0.388881713    
         274           4  0.337320805    
         274           5  0.298879474    
         274           6  0.266811043    
         274           7  0.246153355    
         274           8  0.227025688    
         274           9  0.209327400    
         274          10  0.195422322    
         284           1  0.540506005    
         284           2  0.464417130    
         284           3  0.389027238    
         284           4  0.336244613    
         284           5  0.296826720    
         284           6  0.268705249    
         284           7  0.242647409    
         284           8  0.224357113    
         284           9  0.208159685    
         284          10  0.193726391    
         294           1  0.540582895    
         294           2  0.462340087    
         294           3  0.388937175    
         294           4  0.335795105    
         294           5  0.295767486    
         294           6  0.266273677    
         294           7  0.241411045    
         294           8  0.223582491    
         294           9  0.208187774    
         294          10  0.193922684    
         304           1  0.537941337    
         304           2  0.463809907    
         304           3  0.390298575    
         304           4  0.335002989    
         304           5  0.294954658    
         304           6  0.266844779    
         304           7  0.241827264    
         304           8  0.221601486    
         304           9  0.207165867    
         304          10  0.194946364    
         314           1  0.537784100    
         314           2  0.462615430    
         314           3  0.387645066    
         314           4  0.335262597    
         314           5  0.296517015    
         314           6  0.266472399    
         314           7  0.241431549    
         314           8  0.223347351    
         314           9  0.206479460    
         314          10  0.193260044    
         324           1  0.537579656    
         324           2  0.461717576    
         324           3  0.387035429    
         324           4  0.332224816    
         324           5  0.293573558    
         324           6  0.265041530    
         324           7  0.241271734    
         324           8  0.222816244    
         324           9  0.206812352    
         324          10  0.192672566    
         334           1  0.538309753    
         334           2  0.459131509    
         334           3  0.386247098    
         334           4  0.332115650    
         334           5  0.294238567    
         334           6  0.262973160    
         334           7  0.239744723    
         334           8  0.220622897    
         334           9  0.204767063    
         334          10  0.191283599    
         344           1  0.538275361    
         344           2  0.460329384    
         344           3  0.386163801    
         344           4  0.332025915    
         344           5  0.292420626    
         344           6  0.263445497    
         344           7  0.239076763    
         344           8  0.220401183    
         344           9  0.202283576    
         344          10  0.191508904    
         354           1  0.536447763    
         354           2  0.459925443    
         354           3  0.383041680    
         354           4  0.331113487    
         354           5  0.294164687    
         354           6  0.264780879    
         354           7  0.239362270    
         354           8  0.219820127    
         354           9  0.205916256    
         354          10  0.189917356    
         364           1  0.533975005    
         364           2  0.460048705    
         364           3  0.384261757    
         364           4  0.331594050    
         364           5  0.293014109    
         364           6  0.262701064    
         364           7  0.240689725    
         364           8  0.220674187    
         364           9  0.203675032    
         364          10  0.191106349    
         374           1  0.536116600    
         374           2  0.458423644    
         374           3  0.383320123    
         374           4  0.331781626    
         374           5  0.293372273    
         374           6  0.263732195    
         374           7  0.240059435    
         374           8  0.219359845    
         374           9  0.204209954    
         374          10  0.191341966    
         384           1  0.535565853    
         384           2  0.457839966    
         384           3  0.384692043    
         384           4  0.331336558    
         384           5  0.290389091    
         384           6  0.259821624    
         384           7  0.237655044    
         384           8  0.219165325    
         384           9  0.203459054    
         384          10  0.189151853    
         394           1  0.533622026    
         394           2  0.457011431    
         394           3  0.381317794    
         394           4  0.331060141    
         394           5  0.291486442    
         394           6  0.260635346    
         394           7  0.237843260    
         394           8  0.218123674    
         394           9  0.203421518    
         394          10  0.191650495    
